   9.87484139E-32   25.0000000       25.0000000       25.0000000    
   0.00000000       36.9791679       36.9791679       39.8491745    
  0.500000000       54.6983528       60.4383698       62.8121758    
   1.00000000       79.5974960       92.0032654       96.8176498    
   1.50000000       113.923920       139.791183       145.913208    
   2.00000000       160.324188       205.874832       214.985123    
   2.50000000       221.781799       297.628540       309.628967    
   3.00000000       301.484619       419.795349       435.854187    
   3.50000000       402.607574       579.241272       599.592224    
   4.00000000       528.003052       780.614380       806.002625    
   4.50000000       679.803894       1028.09448       1058.60779    
   5.00000000       858.960571       1322.50586       1358.33411    
   5.50000000       1064.75317       1661.79517       1702.58252    
   6.00000000       1294.34058       2039.15503       2084.48853    
   6.50000000       1542.42249       2443.47119       2492.54712    
   7.00000000       1801.09961       2858.73608       2910.75464    
   7.50000000       2060.00757       3265.35767       3319.36890    
   8.00000000       2306.77930       3641.06128       3696.29150    
   8.50000000       2527.84570       3963.22778       4018.97095    
   9.00000000       2709.53467       4210.77539       4266.61133    
   9.50000000       2839.36646       4366.76025       4422.39160    
   10.0000000       2907.39282       4420.01611       4475.36816    
   10.5000000       2907.39282       4366.76025       4421.75684    
   11.0000000       2837.73657       4210.77539       4265.38818    
   11.5000000       2701.76172       3963.22754       4017.25415    
