   6.47158375E-27   101325.000       101325.000       101325.000    
   0.00000000       98849.4453       98849.4453       98879.6875    
   200.000000       96434.3750       96494.8594       96493.3906    
   400.000000       94078.3047       94134.3594       94164.6797    
   600.000000       91779.7969       91895.1094       91892.1719    
   800.000000       89537.4531       89644.0312       89674.5078    
   1000.00000       87349.8906       87514.7734       87510.3594    
   1200.00000       85215.7734       85367.7422       85398.4375    
   1400.00000       83133.7969       83343.3984       83337.4844    
   1600.00000       81102.6875       81295.2812       81326.2734    
   1800.00000       79121.2031       79371.0156       79363.5938    
   2000.00000       77188.1250       77416.9219       77448.2812    
   2200.00000       75302.2812       75588.1406       75579.1953    
   2400.00000       73462.5078       73723.4141       73755.2188    
   2600.00000       71667.6875       71985.7500       71975.2578    
   2800.00000       69916.7188       70205.9297       70238.2500    
   3000.00000       68208.5234       68555.2344       68543.1641    
   3200.00000       66542.0625       66856.0703       66888.9844    
   3400.00000       64916.3203       65288.4023       65274.7266    
   3600.00000       63330.2969       63665.8398       63699.4297    
   3800.00000       61783.0234       62177.4570       62162.1484    
   4000.00000       60273.5508       60627.6250       60661.9688    
   4200.00000       58800.9570       59214.9727       59197.9922    
   4400.00000       57364.3438       57734.1680       57769.3477    
   4600.00000       55962.8281       56393.8711       56375.1797    
   4800.00000       54595.5547       54978.5586       55014.6562    
   5000.00000       53261.6875       53707.4180       53686.9688    
   5200.00000       51960.4062       52354.2188       52391.3203    
   5400.00000       50690.9180       51149.1992       51126.9414    
   5600.00000       49452.4453       49854.8828       49893.0781    
   5800.00000       48244.2305       48713.1094       48688.9922    
   6000.00000       47065.5352       47474.5820       47513.9648    
   6200.00000       45915.6367       46393.3281       46367.2930    
   6400.00000       44793.8359       45207.6367       45248.2930    
   6600.00000       43699.4414       44184.3203       44156.3008    
   6800.00000       42631.7852       43048.6289       43090.6602    
   7000.00000       41590.2148       42080.8086       42050.7383    
   7200.00000       40574.0898       40992.4062       41035.9141    
   7400.00000       39582.7930       40077.7695       40045.5781    
   7600.00000       38615.7148       39034.0625       39079.1445    
   7800.00000       37672.2617       38170.4219       38136.0352    
   8000.00000       36751.8594       37168.9180       37215.6836    
   8200.00000       35853.9453       36354.2148       36317.5430    
   8400.00000       34977.9688       35392.5195       35441.0781    
   8600.00000       34123.3945       34624.8086       34585.7656    
