-5.0    25.0  -250.0
-4.9    24.0  -235.3
-4.8    23.0  -221.2
-4.7    22.1  -207.7
-4.6    21.1  -194.7
-4.5    20.2  -182.3
-4.4    19.3  -170.4
-4.3    18.5  -159.0
-4.2    17.6  -148.2
-4.1    16.8  -137.9
-4.0    16.0  -128.0
-3.9    15.2  -118.7
-3.8    14.4  -109.8
-3.7    13.7  -101.3
-3.6    12.9   -93.3
-3.5    12.2   -85.8
-3.4    11.5   -78.6
-3.3    10.9   -71.9
-3.2    10.2   -65.6
-3.1     9.6   -59.6
-3.0     9.0   -54.0
-2.9     8.4   -48.8
-2.8     7.8   -44.0
-2.7     7.2   -39.4
-2.6     6.7   -35.2
-2.5     6.2   -31.3
-2.4     5.7   -27.7
-2.3     5.2   -24.4
-2.2     4.7   -21.4
-2.1     4.3   -18.6
-2.0     3.9   -16.1
-1.9     3.5   -13.9
-1.8     3.1   -11.8
-1.7     2.7   -10.0
-1.6     2.4    -8.4
-1.5     2.0    -7.0
-1.4     1.7    -5.7
-1.3     1.4    -4.7
-1.2     1.1    -3.8
-1.1     0.9    -3.0
-1.0     0.6    -2.4
-0.9     0.4    -1.9
-0.8     0.2    -1.5
-0.7    -0.0    -1.2
-0.6    -0.2    -1.0
-0.5    -0.4    -0.9
-0.4    -0.5    -0.8
-0.3    -0.7    -0.8
-0.2    -0.8    -0.8
-0.1    -0.9    -0.9
 0.0    -1.0    -1.0
 0.1    -1.1    -1.1
 0.2    -1.2    -1.2
 0.3    -1.3    -1.3
 0.4    -1.3    -1.4
 0.5    -1.4    -1.4
 0.6    -1.5    -1.4
 0.7    -1.5    -1.3
 0.8    -1.6    -1.2
 0.9    -1.6    -1.0
 1.0    -1.7    -0.7
 1.1    -1.8    -0.3
 1.2    -1.9     0.1
 1.3    -2.0     0.7
 1.4    -2.1     1.4
 1.5    -2.2     2.3
 1.6    -2.4     3.2
 1.7    -2.6     4.4
 1.8    -2.8     5.6
 1.9    -3.1     7.0
 2.0    -3.4     8.6
 2.1    -3.8    10.4
 2.2    -4.2    12.3
 2.3    -4.7    14.4
 2.4    -5.3    16.6
 2.5    -5.9    19.1
 2.6    -6.7    21.7
 2.7    -7.6    24.5
 2.8    -8.6    27.5
 2.9    -9.8    30.6
 3.0   -11.1    33.9
 3.1   -12.6    37.4
 3.2   -14.3    41.0
 3.3   -16.2    44.8
 3.4   -18.4    48.6
 3.5   -20.9    52.6
 3.6   -23.6    56.7
 3.7   -26.8    60.9
 3.8   -30.3    65.0
 3.9   -34.2    69.2
 4.0   -38.6    73.4
 4.1   -43.5    77.5
 4.2   -49.0    81.5
 4.3   -55.2    85.3
 4.4   -62.1    88.9
 4.5   -69.8    92.2
 4.6   -78.3    95.2
 4.7   -87.9    97.7
 4.8   -98.5    99.7
 4.9  -110.3   101.0
 5.0  -123.4   101.6
